68
0 7 0 -3
0 8 0 -3
0 9 0 -3
0 10 0 0
1 10 1 0
0 11 0 0
0 11 1 0
0 12 0 0
0 12 1 -3
0 13 0 0
0 13 1 0
0 14 0 0
0 14 1 0
1 14 2 0
3 17 2 0
4 20 2 0
0 23 0 0
0 23 1 0
0 24 0 0
0 24 1 0
0 25 0 0
0 25 1 0
0 26 0 0
0 26 1 0
0 27 0 0
0 28 0 0
0 29 0 0
0 39 0 0
2 40 0 0
2 41 0 0
2 42 0 0
0 43 0 0
0 43 1 0
2 44 0 0
2 45 0 0
2 46 0 0
0 47 0 0
0 47 1 0
0 47 2 0
2 48 0 0
2 49 0 0
2 50 0 0
0 51 0 0
0 51 1 0
0 51 2 0
0 51 3 0
2 52 0 0
2 53 0 0
2 54 0 0
0 55 0 0
0 55 1 0
0 55 2 0
0 55 3 0
0 55 4 0
2 56 0 0
0 57 0 0
0 57 1 0
0 57 2 0
0 57 3 0
2 58 0 0
0 59 0 0
0 59 1 0
0 59 2 0
2 60 0 0
0 61 0 0
0 61 1 0
2 62 0 0
0 63 0 0
