58
3 7 2 0
3 7 3 0
2 7 5 0
2 7 6 0
1 7 8 0
1 7 9 0
3 9 3 0
2 9 6 0
1 9 9 0
3 10 3 0
2 10 6 0
1 10 9 0
3 12 2 90
3 12 3 90
2 12 5 90
2 12 6 90
1 12 8 90
1 12 9 90
3 14 3 90
2 14 6 90
1 14 9 90
3 15 3 90
2 15 6 90
1 15 9 90
3 17 2 0
3 17 3 0
2 17 5 0
2 17 6 0
1 17 8 0
1 17 9 0
3 18 2 0
3 18 3 0
2 18 5 0
2 18 6 0
1 18 8 0
1 18 9 0
3 20 2 90
3 20 3 90
2 20 5 90
2 20 6 90
1 20 8 90
1 20 9 90
3 21 2 90
3 21 3 90
2 21 5 90
2 21 6 90
1 21 8 90
1 21 9 90
6 23 6 0
4 23 8 0
4 23 9 0
6 24 6 0
4 24 8 0
4 24 9 0
5 26 8 0
5 26 9 0
5 27 8 0
5 27 9 0
