150
2 8 0 0
1 15 0 0
1 16 0 0
1 25 0 0
1 26 0 0
0 27 0 0
0 28 0 0
0 29 0 0
1 29 1 0
1 33 2 2
0 33 3 0
1 35 0 0
1 39 1 2
0 39 2 0
1 41 0 0
0 50 0 0
0 51 0 0
0 52 0 0
1 53 0 0
1 54 0 0
0 55 0 0
0 56 0 0
0 57 0 0
1 58 0 0
0 59 0 0
0 60 0 0
0 61 0 0
1 62 0 0
1 63 0 0
1 64 0 0
0 65 0 0
0 66 0 0
0 67 0 0
1 68 0 0
1 69 0 0
1 70 0 0
1 71 0 0
0 72 0 0
0 73 0 0
0 74 0 0
1 78 1 2
1 79 1 2
1 80 1 2
1 81 1 2
1 82 2 2
1 83 2 2
1 84 2 2
1 85 2 2
1 78 3 0
0 78 2 0
0 79 2 0
0 80 2 0
0 81 2 0
0 82 3 0
0 83 3 0
0 84 3 0
0 85 3 0
1 93 0 0
1 94 0 0
1 95 0 0
1 99 0 0
1 100 0 0
1 101 0 0
1 99 3 2
1 100 3 2
1 101 3 2
0 99 4 0
0 100 4 0
0 101 4 0
0 108 0 0
1 108 1 0
0 115 0 0
0 116 0 0
0 117 0 0
0 121 0 0
0 122 0 0
0 123 0 0
0 115 1 0
0 116 1 0
0 117 1 0
0 121 1 0
0 122 1 0
0 123 1 0
0 136 0 0
1 137 0 0
1 138 0 0
1 139 0 0
0 140 0 0
0 140 1 0
1 141 0 0
1 142 0 0
1 143 0 0
0 144 0 0
0 144 1 0
0 144 2 0
1 200 0 3
1 200 1 3
1 200 2 3
1 200 3 3
0 201 0 0
0 201 1 0
0 201 2 0
0 201 3 0