300
1 10 0 0
2 20 0 0
1 21 0 0
0 30 0 0
2 31 0 0
2 32 0 0
2 33 0 0
0 34 0 0
0 34 1 0
2 35 0 0
2 36 0 0
2 37 0 0
0 38 0 0
0 38 1 0
0 38 2 0
1 48 0 0
1 49 0 0
0 55 0 0
0 56 0 0
0 57 0 0
0 58 0 0
0 59 0 0
0 60 0 0
0 61 0 0
0 62 0 0
1 63 0 0
1 64 0 0
1 65 0 0
0 66 0 0
0 67 0 0
0 68 0 0
0 69 0 0
0 70 0 0
1 71 1 0
0 71 0 0
0 72 0 0
0 73 0 0
2 74 0 0
2 75 0 0
2 76 0 0
0 77 0 0
0 78 0 0
0 79 0 0
0 80 0 0
0 81 0 0
0 82 0 0
0 83 0 0
0 84 0 0
0 85 0 0
0 86 0 0
0 77 1 0
0 78 1 0
0 79 1 0
0 80 1 0
0 81 1 0
0 82 1 0
1 82 2 0
0 83 1 0
0 84 1 0
0 85 1 0
0 86 1 0
6 90 2 0
6 94 3 0
6 98 4 0
6 102 5 0
6 106 6 0
2 87 0 0
2 88 0 0
2 89 0 0
2 90 0 0
2 91 0 0
2 92 0 0
2 93 0 0
2 94 0 0
2 95 0 0
2 96 0 0
2 97 0 0
2 98 0 0
2 99 0 0
2 100 0 0
2 101 0 0
2 102 0 0
2 103 0 0
2 104 0 0
2 105 0 0
2 106 0 0
2 107 0 0
2 108 0 0
2 109 0 0
2 110 0 0
0 111 6 0
0 112 6 0
2 111 0 0
2 112 0 0
0 113 0 0
0 113 1 0
0 113 2 0
0 113 3 0
0 113 4 0
0 113 5 0
0 113 6 0
0 114 0 0
0 114 1 0
0 114 2 0
0 114 3 0
0 114 4 0
0 114 5 0
0 114 6 0
0 115 5 0
0 115 6 0
0 116 5 0
0 116 6 0
0 117 5 0
0 117 6 0
0 118 5 0
0 118 6 0
0 119 5 0
0 119 6 0
0 120 5 0
0 121 5 0
0 122 5 0
0 123 5 0
0 120 6 0
0 121 6 0
0 122 6 0
0 123 6 0
1 120 7 0
1 121 7 0
1 122 7 0
1 123 7 0
6 121 8 0
6 122 8 0
0 124 5 0
0 124 6 0
0 125 5 0
0 125 6 0
0 126 5 0
0 126 6 0
0 127 5 0
0 127 6 0
0 128 5 0
0 128 6 0
0 129 5 0
0 129 6 0
0 130 5 0
0 130 6 0
0 131 5 0
0 131 6 0
0 132 5 0
0 132 6 0
1 129 7 0
1 130 7 0
1 131 7 0
1 132 7 0
6 130 8 0
6 131 8 0
0 133 5 0
0 134 5 0
0 135 5 0
0 136 5 0
0 137 5 0
0 133 6 0
0 134 6 0
0 135 6 0
0 136 6 0
0 138 5 0
0 139 5 0
0 140 5 0
0 141 5 0
0 142 5 0
0 143 5 0
0 144 5 0
0 145 5 0
0 138 4 0
0 139 4 0
0 140 4 0
0 141 4 0
0 142 4 0
0 143 4 0
0 144 4 0
0 145 4 0
6 140 7 0
6 141 7 0
6 142 7 0
6 143 7 0
1 140 8 0
1 141 8 0
1 142 8 0
1 143 8 0
0 144 5 0
0 145 5 0
0 146 5 0
0 147 5 0
0 148 5 0
0 147 6 0
0 148 6 0
0 149 5 0
0 150 5 0
0 151 5 0
0 149 6 0
0 150 6 0
0 151 6 0
1 151 7 0
0 150 5 0 
0 150 4 0 
0 150 3 0 
0 151 5 0 
0 151 4 0 
0 151 3 0 
1 152 5 0
0 152 4 0
0 152 3 0
0 153 4 0
0 154 4 0
0 155 4 0
0 156 4 0
0 157 4 0
0 158 4 0
0 159 4 0
0 153 3 0
0 154 3 0
0 155 3 0
0 156 3 0
0 157 3 0
0 158 3 0
0 159 3 0
1 200 0 3
1 200 1 3
1 200 2 3
1 200 3 3
0 201 0 0
0 201 1 0
0 201 2 0
0 201 3 0