320
3 15 0 0
3 16 0 0
3 17 0 0
4 17 1 0
3 18 0 0
3 19 0 0
3 27 0 0
3 28 0 0
3 29 0 0
4 29 1 0
3 30 0 0
3 31 0 0
3 39 0 0
3 40 0 0
4 41 1 0
2 41 3 180
1 41 4 180
2 42 3 180
1 42 4 180
2 43 3 180
1 43 4 180
1 52 0 0
3 53 0 0
3 54 0 0
3 55 0 0
1 56 0 0
1 56 1 0
3 57 0 0
3 58 0 0
3 59 0 0
1 60 0 0
1 60 1 0
1 60 2 0
3 61 0 0
3 62 0 0
3 63 0 0
3 64 0 0
4 64 3 0
3 65 0 0
3 66 0 0
3 67 0 0
1 68 0 0
1 68 1 0
1 68 2 0
1 69 0 0
1 69 1 0
1 69 2 0
1 70 0 0
1 70 1 0
1 70 2 0
3 71 0 0
3 72 0 0
3 73 0 0
3 74 0 0
4 74 3 0
3 75 0 0
3 76 0 0
3 77 0 0
1 78 0 0
1 78 1 0
1 78 2 0
1 79 0 0
1 79 1 0
1 79 2 0
1 80 0 0
1 80 1 0
1 80 2 0
1 81 0 0
1 81 1 0
1 81 2 0
1 82 0 0
1 82 1 0
1 82 2 0
1 83 0 0
1 83 1 0
1 83 2 0
2 83 3 0
1 84 0 0
1 84 1 0
1 84 2 0
2 84 3 0
7 84 4 0
1 85 0 0
1 85 1 0
1 85 2 0
2 85 3 0
7 85 4 0
1 86 0 0
1 86 1 0
1 86 2 0
2 86 3 0
1 87 0 0
1 87 1 0
1 87 2 0
1 88 0 0
1 88 1 0
1 88 2 0
1 89 0 0
1 89 1 0
1 90 0 0
1 90 1 0
1 91 0 0
1 91 1 0
1 92 0 0
1 92 1 0
7 92 3 0
2 92 4 0
1 93 0 0
1 93 1 0
7 93 3 0
2 93 4 0
1 94 0 0
1 94 1 0
7 94 3 0
2 94 4 0
1 95 0 0
1 95 1 0
7 95 3 0
2 95 4 0
1 96 0 0
1 96 1 0
1 97 0 0
1 97 1 0
1 98 0 0
1 98 1 0
1 99 0 0
1 99 1 0
1 99 2 0
1 100 0 0
1 100 1 0
1 100 2 0
1 101 0 0
1 101 1 0
1 101 2 0
1 102 0 0
1 102 1 0
1 102 2 0
1 103 0 0
1 103 1 0
1 103 2 0
1 104 0 0
1 104 1 0
1 104 2 0
2 104 3 0
1 105 0 0
1 105 1 0
1 105 2 0
2 105 3 0
1 106 0 0
1 106 1 0
1 106 2 0
2 106 3 0
1 107 0 0
1 107 1 0
1 107 2 0
1 108 0 0
1 108 1 0
1 108 2 0
1 109 0 0
1 109 1 0
1 109 2 0
1 110 0 0
1 110 1 0
1 110 2 0
3 111 0 0
3 112 0 0
3 113 0 0
3 114 0 0
7 114 3 0
3 115 0 0
3 116 0 0
3 117 0 0
3 118 0 0
7 118 4 0
3 119 0 0
2 119 6 180
1 119 7 0
3 120 0 0
2 120 6 180
1 120 7 0
3 121 0 0
4 121 2 0
2 121 6 180
1 121 7 0
3 122 0 0
3 123 0 0
3 124 0 0
7 124 3 0
3 125 0 0
7 125 3 0
3 126 0 0
7 126 3 0
3 127 0 0
3 128 0 0
3 129 0 0
3 130 0 0
7 130 4 0
3 131 0 0
3 132 0 0
3 133 0 0
3 134 0 0
7 134 5 0
3 135 0 0
3 136 0 0
3 137 0 0
3 138 0 0
7 138 6 0
3 139 0 0
3 139 8 180
1 139 9 0
3 140 0 0
7 140 5 0
3 140 8 180
1 140 9 0
3 141 0 0
3 142 0 0
3 143 0 0
3 144 0 0
7 144 6 0
3 145 0 0
3 146 0 0
3 147 0 0
1 148 0 0
1 148 1 0
7 148 7 0
3 148 8 0
1 149 0 0
1 149 1 0
1 150 0 0
1 150 1 0
1 151 0 0
1 151 1 0
1 152 0 0
1 152 1 0
1 153 0 0
1 153 1 0
1 154 0 0
1 154 1 0
1 155 0 0
1 155 1 0
2 155 2 0
1 156 0 0
1 156 1 0
1 157 0 0
1 157 1 0
1 158 0 0
1 158 1 0
1 159 0 0
1 159 1 0
1 160 0 0
1 160 1 0
1 161 0 0
1 161 1 0
1 162 0 0
1 162 1 0
1 163 0 0
1 163 1 0
1 164 0 0
1 164 1 0
3 164 2 0
1 165 0 0
1 165 1 0
2 165 2 0
1 166 0 0
1 166 1 0
1 167 0 0
1 167 1 0
3 168 0 0
3 169 0 0
3 170 0 0
3 171 0 0
4 171 3 0
3 172 0 0
3 173 0 0
3 174 0 0
3 175 0 0
4 175 4 0
3 176 0 0
3 177 0 0
3 178 0 0
3 179 0 0
4 179 5 0
3 180 0 0
3 181 0 0
1 182 0 0
1 182 1 0
1 182 2 0
1 182 3 0
1 182 4 0
1 182 5 0
1 183 0 0
1 183 1 0
1 183 2 0
1 183 3 0
1 183 4 0
1 183 5 0
1 184 0 0
1 184 1 0
1 184 2 0
1 184 3 0
1 184 4 0
1 184 5 0
1 185 0 0
1 185 1 0
1 185 2 0
1 185 3 0
1 185 4 0
1 185 5 0
2 185 6 270
2 185 7 270
2 185 8 270
1 186 0 0
1 186 1 0
1 186 2 0
1 186 3 0
1 186 4 0
1 186 5 0
1 186 6 0
1 186 7 0
1 186 8 0
