100
1 8 3 2
1 9 3 2
1 10 3 2
1 11 3 2
0 8 4 0
0 9 4 0
0 10 4 0
0 11 4 0
0 0 0 0
0 1 0 0
0 2 0 0
0 3 0 0
0 4 0 0
0 5 0 0
0 6 0 0
0 7 0 0
0 8 0 0
0 9 0 0
0 10 0 0
0 11 0 0
0 12 0 0
0 13 0 0
0 14 0 0
0 15 0 0
0 16 0 0
0 0 1 0
0 1 1 0
0 2 1 0
0 3 1 0
0 4 1 0
0 5 1 0
0 6 1 0
0 7 1 0
0 8 1 0
0 9 1 0
0 10 1 0
0 11 1 0
0 12 1 0
0 13 1 0
0 14 1 0
0 15 1 0
0 16 1 0
0 20 0 0
0 20 1 0
0 21 0 0
0 21 1 0
0 22 0 0
0 22 1 0
1 23 0 0
1 24 0 0
1 25 0 0
0 26 0 0
0 26 1 0
0 27 0 0
0 27 1 0
0 28 0 0
0 28 1 0
0 29 0 0
0 30 0 0
0 31 0 0
0 32 0 0
1 29 1 0
1 30 1 0
1 31 1 0
1 32 1 0
0 33 0 0
0 33 1 0
0 34 0 0
0 34 1 0
0 35 0 0
0 35 1 0
1 37 2 2
0 37 3 0
1 38 2 2
0 38 3 0
1 39 2 2
0 39 3 0
1 100 0 3
1 100 1 3
1 100 2 3
1 100 3 3
0 101 0 0
0 101 1 0
0 101 2 0
0 101 3 0
